- OS: Windows-11-10.0.26200-SP0 10.0.26200
- Python: 3.13.9
- Stable-Baselines3: 2.7.1
- PyTorch: 2.7.1+cu118
- GPU Enabled: True
- Numpy: 2.3.5
- Cloudpickle: 3.1.2
- Gymnasium: 1.2.2
